0.00000000 13.99993420 36.99993515 52.99996305 60.99993300 72.99993801 78.99995613 80.00002408 84.99993706 93.00002718 104.99997711 111.00001907 113.99993706 150.99993610 174.99994898 201.99995804 204.99997902 211.00002408 215.99995399 221.00001502 226.99995303 232.99997807 237.99993801 258.99997711 265.99997902 270.99998307 279.99993420 350.99996400 365.00000620 368.99995899 377.99998021 382.99999809 387.99998116 396.99994016 407.99998498 416.99993205
13.99993420 0.00000000 23.00000095 39.00002885 46.99999881 59.00000381 65.00002193 66.00008988 71.00000286 79.00009298 91.00004292 97.00008488 100.00000286 137.00000191 161.00001478 188.00002384 191.00004482 197.00008988 202.00001979 207.00008082 213.00001884 219.00004387 224.00000381 245.00004292 252.00004482 257.00004888 266.00000000 337.00002980 351.00007200 355.00002480 364.00004601 369.00006390 374.00004697 383.00000596 394.00005078 402.99999785
36.99993515 23.00000095 0.00000000 16.00002789 23.99999785 36.00000286 42.00002098 43.00008893 48.00000191 56.00009203 68.00004196 74.00008392 77.00000191 114.00000095 138.00001383 165.00002289 168.00004387 174.00008893 179.00001884 184.00007987 190.00001788 196.00004292 201.00000286 222.00004196 229.00004387 234.00004792 242.99999905 314.00002885 328.00007105 332.00002384 341.00004506 346.00006294 351.00004601 360.00000501 371.00004983 379.99999690
52.99996305 39.00002885 16.00002789 0.00000000 7.99996996 19.99997497 25.99999309 27.00006104 31.99997401 40.00006413 52.00001407 58.00005603 60.99997401 97.99997306 121.99998593 148.99999499 152.00001597 158.00006104 162.99999094 168.00005198 173.99998999 180.00001502 184.99997497 206.00001407 213.00001597 218.00002003 226.99997115 298.00000095 312.00004315 315.99999595 325.00001717 330.00003505 335.00001812 343.99997711 355.00002193 363.99996901
60.99993300 46.99999881 23.99999785 7.99996996 0.00000000 12.00000501 18.00002313 19.00009108 24.00000405 32.00009418 44.00004411 50.00008607 53.00000405 90.00000310 114.00001597 141.00002503 144.00004601 150.00009108 155.00002098 160.00008202 166.00002003 172.00004506 177.00000501 198.00004411 205.00004601 210.00005007 219.00000119 290.00003099 304.00007319 308.00002599 317.00004721 322.00006509 327.00004816 336.00000715 347.00005198 355.99999905
72.99993801 59.00000381 36.00000286 19.99997497 12.00000501 0.00000000 6.00001812 7.00008607 11.99999905 20.00008917 32.00003910 38.00008106 40.99999905 77.99999809 102.00001097 129.00002003 132.00004101 138.00008607 143.00001597 148.00007701 154.00001502 160.00004005 165.00000000 186.00003910 193.00004101 198.00004506 206.99999619 278.00002599 292.00006819 296.00002098 305.00004220 310.00006008 315.00004315 324.00000215 335.00004697 343.99999404
78.99995613 65.00002193 42.00002098 25.99999309 18.00002313 6.00001812 0.00000000 1.00006795 5.99998093 14.00007105 26.00002098 32.00006294 34.99998093 71.99997997 95.99999285 123.00000191 126.00002289 132.00006795 136.99999785 142.00005889 147.99999690 154.00002193 158.99998188 180.00002098 187.00002289 192.00002694 200.99997807 272.00000787 286.00005007 290.00000286 299.00002408 304.00004196 309.00002503 317.99998403 329.00002885 337.99997592
80.00002408 66.00008988 43.00008893 27.00006104 19.00009108 7.00008607 1.00006795 0.00000000 4.99991298 13.00000310 24.99995303 30.99999499 33.99991298 70.99991202 94.99992490 121.99993396 124.99995494 131.00000000 135.99992990 140.99999094 146.99992895 152.99995399 157.99991393 178.99995303 185.99995494 190.99995899 199.99991012 270.99993992 284.99998212 288.99993491 297.99995613 302.99997401 307.99995708 316.99991608 327.99996090 336.99990797
84.99993706 71.00000286 48.00000191 31.99997401 24.00000405 11.99999905 5.99998093 4.99991298 0.00000000 8.00009012 20.00004005 26.00008202 29.00000000 65.99999905 90.00001192 117.00002098 120.00004196 126.00008702 131.00001693 136.00007796 142.00001597 148.00004101 153.00000095 174.00004005 181.00004196 186.00004601 194.99999714 266.00002694 280.00006914 284.00002193 293.00004315 298.00006104 303.00004411 312.00000310 323.00004792 331.99999499
93.00002718 79.00009298 56.00009203 40.00006413 32.00009418 20.00008917 14.00007105 13.00000310 8.00009012 0.00000000 11.99994993 17.99999189 20.99990988 57.99990892 81.99992180 108.99993086 111.99995184 117.99999690 122.99992681 127.99998784 133.99992585 139.99995089 144.99991083 165.99994993 172.99995184 177.99995589 186.99990702 257.99993682 271.99997902 275.99993181 284.99995303 289.99997091 294.99995399 303.99991298 314.99995780 323.99990487
104.99997711 91.00004292 68.00004196 52.00001407 44.00004411 32.00003910 26.00002098 24.99995303 20.00004005 11.99994993 0.00000000 6.00004196 8.99995995 45.99995899 69.99997187 96.99998093 100.00000191 106.00004697 110.99997687 116.00003791 121.99997592 128.00000095 132.99996090 154.00000000 161.00000191 166.00000596 174.99995708 245.99998689 260.00002909 263.99998188 273.00000310 278.00002098 283.00000405 291.99996305 303.00000787 311.99995494
111.00001907 97.00008488 74.00008392 58.00005603 50.00008607 38.00008106 32.00006294 30.99999499 26.00008202 17.99999189 6.00004196 0.00000000 2.99991798 39.99991703 63.99992990 90.99993896 93.99995995 100.00000501 104.99993491 109.99999595 115.99993396 121.99995899 126.99991894 147.99995804 154.99995995 159.99996400 168.99991512 239.99994493 253.99998713 257.99993992 266.99996114 271.99997902 276.99996209 285.99992108 296.99996591 305.99991298
113.99993706 100.00000286 77.00000191 60.99997401 53.00000405 40.99999905 34.99998093 33.99991298 29.00000000 20.99990988 8.99995995 2.99991798 0.00000000 36.99999905 61.00001192 88.00002098 91.00004196 97.00008702 102.00001693 107.00007796 113.00001597 119.00004101 124.00000095 145.00004005 152.00004196 157.00004601 165.99999714 237.00002694 251.00006914 255.00002193 264.00004315 269.00006104 274.00004411 283.00000310 294.00004792 302.99999499
150.99993610 137.00000191 114.00000095 97.99997306 90.00000310 77.99999809 71.99997997 70.99991202 65.99999905 57.99990892 45.99995899 39.99991703 36.99999905 0.00000000 24.00001287 51.00002193 54.00004292 60.00008798 65.00001788 70.00007892 76.00001693 82.00004196 87.00000191 108.00004101 115.00004292 120.00004697 128.99999809 200.00002789 214.00007010 218.00002289 227.00004411 232.00006199 237.00004506 246.00000405 257.00004888 265.99999595
174.99994898 161.00001478 138.00001383 121.99998593 114.00001597 102.00001097 95.99999285 94.99992490 90.00001192 81.99992180 69.99997187 63.99992990 61.00001192 24.00001287 0.00000000 27.00000906 30.00003004 36.00007510 41.00000501 46.00006604 52.00000405 58.00002909 62.99998903 84.00002813 91.00003004 96.00003409 104.99998522 176.00001502 190.00005722 194.00001001 203.00003123 208.00004911 213.00003219 221.99999118 233.00003600 241.99998307
201.99995804 188.00002384 165.00002289 148.99999499 141.00002503 129.00002003 123.00000191 121.99993396 117.00002098 108.99993086 96.99998093 90.99993896 88.00002098 51.00002193 27.00000906 0.00000000 3.00002098 9.00006604 13.99999595 19.00005698 24.99999499 31.00002003 35.99997997 57.00001907 64.00002098 69.00002503 77.99997616 149.00000596 163.00004816 167.00000095 176.00002217 181.00004005 186.00002313 194.99998212 206.00002694 214.99997401
204.99997902 191.00004482 168.00004387 152.00001597 144.00004601 132.00004101 126.00002289 124.99995494 120.00004196 111.99995184 100.00000191 93.99995995 91.00004196 54.00004292 30.00003004 3.00002098 0.00000000 6.00004506 10.99997497 16.00003600 21.99997401 27.99999905 32.99995899 53.99999809 61.00000000 66.00000405 74.99995518 145.99998498 160.00002718 163.99997997 173.00000119 178.00001907 183.00000215 191.99996114 203.00000596 211.99995303
211.00002408 197.00008988 174.00008893 158.00006104 150.00009108 138.00008607 132.00006795 131.00000000 126.00008702 117.99999690 106.00004697 100.00000501 97.00008702 60.00008798 36.00007510 9.00006604 6.00004506 0.00000000 4.99992990 9.99999094 15.99992895 21.99995399 26.99991393 47.99995303 54.99995494 59.99995899 68.99991012 139.99993992 153.99998212 157.99993491 166.99995613 171.99997401 176.99995708 185.99991608 196.99996090 205.99990797
215.99995399 202.00001979 179.00001884 162.99999094 155.00002098 143.00001597 136.99999785 135.99992990 131.00001693 122.99992681 110.99997687 104.99993491 102.00001693 65.00001788 41.00000501 13.99999595 10.99997497 4.99992990 0.00000000 5.00006104 10.99999905 17.00002408 21.99998403 43.00002313 50.00002503 55.00002909 63.99998021 135.00001001 149.00005221 153.00000501 162.00002623 167.00004411 172.00002718 180.99998617 192.00003099 200.99997807
221.00001502 207.00008082 184.00007987 168.00005198 160.00008202 148.00007701 142.00005889 140.99999094 136.00007796 127.99998784 116.00003791 109.99999595 107.00007796 70.00007892 46.00006604 19.00005698 16.00003600 9.99999094 5.00006104 0.00000000 5.99993801 11.99996305 16.99992299 37.99996209 44.99996400 49.99996805 58.99991918 129.99994898 143.99999118 147.99994397 156.99996519 161.99998307 166.99996614 175.99992514 186.99996996 195.99991703
226.99995303 213.00001884 190.00001788 173.99998999 166.00002003 154.00001502 147.99999690 146.99992895 142.00001597 133.99992585 121.99997592 115.99993396 113.00001597 76.00001693 52.00000405 24.99999499 21.99997401 15.99992895 10.99999905 5.99993801 0.00000000 6.00002503 10.99998498 32.00002408 39.00002599 44.00003004 52.99998116 124.00001097 138.00005317 142.00000596 151.00002718 156.00004506 161.00002813 169.99998713 181.00003195 189.99997902
232.99997807 219.00004387 196.00004292 180.00001502 172.00004506 160.00004005 154.00002193 152.99995399 148.00004101 139.99995089 128.00000095 121.99995899 119.00004101 82.00004196 58.00002909 31.00002003 27.99999905 21.99995399 17.00002408 11.99996305 6.00002503 0.00000000 4.99995995 25.99999905 33.00000095 38.00000501 46.99995613 117.99998593 132.00002813 135.99998093 145.00000215 150.00002003 155.00000310 163.99996209 175.00000691 183.99995399
237.99993801 224.00000381 201.00000286 184.99997497 177.00000501 165.00000000 158.99998188 157.99991393 153.00000095 144.99991083 132.99996090 126.99991894 124.00000095 87.00000191 62.99998903 35.99997997 32.99995899 26.99991393 21.99998403 16.99992299 10.99998498 4.99995995 0.00000000 21.00003910 28.00004101 33.00004506 41.99999619 113.00002599 127.00006819 131.00002098 140.00004220 145.00006008 150.00004315 159.00000215 170.00004697 178.99999404
258.99997711 245.00004292 222.00004196 206.00001407 198.00004411 186.00003910 180.00002098 178.99995303 174.00004005 165.99994993 154.00000000 147.99995804 145.00004005 108.00004101 84.00002813 57.00001907 53.99999809 47.99995303 43.00002313 37.99996209 32.00002408 25.99999905 21.00003910 0.00000000 7.00000191 12.00000596 20.99995708 91.99998689 106.00002909 109.99998188 119.00000310 124.00002098 129.00000405 137.99996305 149.00000787 157.99995494
265.99997902 252.00004482 229.00004387 213.00001597 205.00004601 193.00004101 187.00002289 185.99995494 181.00004196 172.99995184 161.00000191 154.99995995 152.00004196 115.00004292 91.00003004 64.00002098 61.00000000 54.99995494 50.00002503 44.99996400 39.00002599 33.00000095 28.00004101 7.00000191 0.00000000 5.00000405 13.99995518 84.99998498 99.00002718 102.99997997 112.00000119 117.00001907 122.00000215 130.99996114 142.00000596 150.99995303
270.99998307 257.00004888 234.00004792 218.00002003 210.00005007 198.00004506 192.00002694 190.99995899 186.00004601 177.99995589 166.00000596 159.99996400 157.00004601 120.00004697 96.00003409 69.00002503 66.00000405 59.99995899 55.00002909 49.99996805 44.00003004 38.00000501 33.00004506 12.00000596 5.00000405 0.00000000 8.99995112 79.99998093 94.00002313 97.99997592 106.99999714 112.00001502 116.99999809 125.99995708 137.00000191 145.99994898
279.99993420 266.00000000 242.99999905 226.99997115 219.00000119 206.99999619 200.99997807 199.99991012 194.99999714 186.99990702 174.99995708 168.99991512 165.99999714 128.99999809 104.99998522 77.99997616 74.99995518 68.99991012 63.99998021 58.99991918 52.99998116 46.99995613 41.99999619 20.99995708 13.99995518 8.99995112 0.00000000 71.00002980 85.00007200 89.00002480 98.00004601 103.00006390 108.00004697 117.00000596 128.00005078 136.99999785
350.99996400 337.00002980 314.00002885 298.00000095 290.00003099 278.00002599 272.00000787 270.99993992 266.00002694 257.99993682 245.99998689 239.99994493 237.00002694 200.00002789 176.00001502 149.00000596 145.99998498 139.99993992 135.00001001 129.99994898 124.00001097 117.99998593 113.00002599 91.99998689 84.99998498 79.99998093 71.00002980 0.00000000 14.00004220 17.99999499 27.00001621 32.00003409 37.00001717 45.99997616 57.00002098 65.99996805
365.00000620 351.00007200 328.00007105 312.00004315 304.00007319 292.00006819 286.00005007 284.99998212 280.00006914 271.99997902 260.00002909 253.99998713 251.00006914 214.00007010 190.00005722 163.00004816 160.00002718 153.99998212 149.00005221 143.99999118 138.00005317 132.00002813 127.00006819 106.00002909 99.00002718 94.00002313 85.00007200 14.00004220 0.00000000 3.99995279 12.99997401 17.99999189 22.99997497 31.99993396 42.99997878 51.99992585
368.99995899 355.00002480 332.00002384 315.99999595 308.00002599 296.00002098 290.00000286 288.99993491 284.00002193 275.99993181 263.99998188 257.99993992 255.00002193 218.00002289 194.00001001 167.00000095 163.99997997 157.99993491 153.00000501 147.99994397 142.00000596 135.99998093 131.00002098 109.99998188 102.99997997 97.99997592 89.00002480 17.99999499 3.99995279 0.00000000 9.00002122 14.00003910 19.00002217 27.99998116 39.00002599 47.99997306
377.99998021 364.00004601 341.00004506 325.00001717 317.00004721 305.00004220 299.00002408 297.99995613 293.00004315 284.99995303 273.00000310 266.99996114 264.00004315 227.00004411 203.00003123 176.00002217 173.00000119 166.99995613 162.00002623 156.99996519 151.00002718 145.00000215 140.00004220 119.00000310 112.00000119 106.99999714 98.00004601 27.00001621 12.99997401 9.00002122 0.00000000 5.00001788 10.00000095 18.99995995 30.00000477 38.99995184
382.99999809 369.00006390 346.00006294 330.00003505 322.00006509 310.00006008 304.00004196 302.99997401 298.00006104 289.99997091 278.00002098 271.99997902 269.00006104 232.00006199 208.00004911 181.00004005 178.00001907 171.99997401 167.00004411 161.99998307 156.00004506 150.00002003 145.00006008 124.00002098 117.00001907 112.00001502 103.00006390 32.00003409 17.99999189 14.00003910 5.00001788 0.00000000 4.99998307 13.99994206 24.99998689 33.99993396
387.99998116 374.00004697 351.00004601 335.00001812 327.00004816 315.00004315 309.00002503 307.99995708 303.00004411 294.99995399 283.00000405 276.99996209 274.00004411 237.00004506 213.00003219 186.00002313 183.00000215 176.99995708 172.00002718 166.99996614 161.00002813 155.00000310 150.00004315 129.00000405 122.00000215 116.99999809 108.00004697 37.00001717 22.99997497 19.00002217 10.00000095 4.99998307 0.00000000 8.99995899 20.00000381 28.99995089
396.99994016 383.00000596 360.00000501 343.99997711 336.00000715 324.00000215 317.99998403 316.99991608 312.00000310 303.99991298 291.99996305 285.99992108 283.00000310 246.00000405 221.99999118 194.99998212 191.99996114 185.99991608 180.99998617 175.99992514 169.99998713 163.99996209 159.00000215 137.99996305 130.99996114 125.99995708 117.00000596 45.99997616 31.99993396 27.99998116 18.99995995 13.99994206 8.99995899 0.00000000 11.00004482 19.99999189
407.99998498 394.00005078 371.00004983 355.00002193 347.00005198 335.00004697 329.00002885 327.99996090 323.00004792 314.99995780 303.00000787 296.99996591 294.00004792 257.00004888 233.00003600 206.00002694 203.00000596 196.99996090 192.00003099 186.99996996 181.00003195 175.00000691 170.00004697 149.00000787 142.00000596 137.00000191 128.00005078 57.00002098 42.99997878 39.00002599 30.00000477 24.99998689 20.00000381 11.00004482 0.00000000 8.99994707
416.99993205 402.99999785 379.99999690 363.99996901 355.99999905 343.99999404 337.99997592 336.99990797 331.99999499 323.99990487 311.99995494 305.99991298 302.99999499 265.99999595 241.99998307 214.99997401 211.99995303 205.99990797 200.99997807 195.99991703 189.99997902 183.99995399 178.99999404 157.99995494 150.99995303 145.99994898 136.99999785 65.99996805 51.99992585 47.99997306 38.99995184 33.99993396 28.99995089 19.99999189 8.99994707 0.00000000
