-0.00000000 0.14309045 0.13451465 0.13913222 0.17272537 0.12941610 0.15093057 0.21854440 0.18054337 0.28426050 0.18012037 0.18739650 0.20912871 0.10176403 0.17786675 0.65762603 0.18679078 0.14803262 0.42708060 0.25051565 0.28095951 0.23129488 0.22381596 0.18309231 0.17795864 0.29051012 0.24545583 0.40363614 0.13996164 0.17338437 0.12591750 0.18318553 0.14857669 0.10936517 0.15677271 0.21286415
0.14309045 0.00000000 0.10271076 0.11119288 0.18544288 0.12319150 0.14592344 0.23861382 0.14419607 0.26675277 0.17665935 0.18990531 0.18813146 0.07253896 0.20172407 0.67619474 0.19126623 0.15431569 0.44947569 0.20390109 0.22819510 0.20812581 0.23383448 0.16408828 0.14582093 0.32649944 0.22870917 0.37160331 0.13979932 0.13857728 0.11225652 0.15988024 0.14554932 0.10140105 0.12202339 0.23396211
0.13451465 0.10271076 -0.00000000 0.12911559 0.16359187 0.14443578 0.15165191 0.24082023 0.16523614 0.28403143 0.20547067 0.18331690 0.18407321 0.08905246 0.20125331 0.70933576 0.17908674 0.16105605 0.44701951 0.23809796 0.26988874 0.23569763 0.21667368 0.17590633 0.17491852 0.34444019 0.25274855 0.39763753 0.15008604 0.15928849 0.12382755 0.17850043 0.14813249 0.12376856 0.15491448 0.25069353
0.13913222 0.11119288 0.12911559 0.00000000 0.13669397 0.09174638 0.14752543 0.24414391 0.15565515 0.23862788 0.13683411 0.18349719 0.21015253 0.05502011 0.14144389 0.67215509 0.14863320 0.13422236 0.43517265 0.21829538 0.24099778 0.22114039 0.22626255 0.17375028 0.13412825 0.33404739 0.21987008 0.37411693 0.10516906 0.12407288 0.08889717 0.13752711 0.14605273 0.08795694 0.09740640 0.19003025
0.17272537 0.18544288 0.16359187 0.13669397 0.00000000 0.13507634 0.19230127 0.29552827 0.19797580 0.32536728 0.18228332 0.23820101 0.24327348 0.11437298 0.18949696 0.62134675 0.18496386 0.18649134 0.48462515 0.29486508 0.33855613 0.28089923 0.29119774 0.22305875 0.20332307 0.37390890 0.28779568 0.35353838 0.16425739 0.18342813 0.13592475 0.19526745 0.20661587 0.12527955 0.14852674 0.22650639
0.12941610 0.12319150 0.14443578 0.09174638 0.13507634 0.00000000 0.16864828 0.26888326 0.15575473 0.22258754 0.10824788 0.19093221 0.20565999 0.07869156 0.16021309 0.64414739 0.17439376 0.13461990 0.43910179 0.22287677 0.24671641 0.21604457 0.21605429 0.16011416 0.14626294 0.33763067 0.23913348 0.29313549 0.11521880 0.13619535 0.08885335 0.17089704 0.16595862 0.10657469 0.09054198 0.15659106
0.15093057 0.14592344 0.15165191 0.14752543 0.19230127 0.16864828 0.00000000 0.22568269 0.19674329 0.32250740 0.23139207 0.21348256 0.23730351 0.12434791 0.21962164 0.69578576 0.19591136 0.17585842 0.47303046 0.26205221 0.26971899 0.23852381 0.24883469 0.19963533 0.18988260 0.32364254 0.27187169 0.39938928 0.17601061 0.18609380 0.14560749 0.19781013 0.16582641 0.13729052 0.17773935 0.26285493
0.21854440 0.23861382 0.24082023 0.24414391 0.29552827 0.26888326 0.22568269 -0.00000000 0.30228647 0.33122294 0.32001245 0.33575219 0.27294161 0.23157026 0.28533123 0.68993223 0.31703159 0.27066522 0.41960169 0.35831022 0.32677165 0.26930247 0.33055121 0.29914089 0.34030486 0.37367526 0.39085646 0.46777776 0.31374039 0.30414259 0.28027972 0.32624999 0.29098151 0.26624523 0.28338018 0.33144947
0.18054337 0.14419607 0.16523614 0.15565515 0.19797580 0.15575473 0.19674329 0.30228647 0.00000000 0.25957361 0.16597839 0.22822120 0.17862298 0.12388489 0.22913064 0.58356885 0.24121588 0.16505196 0.42734249 0.22555385 0.23882642 0.22102734 0.27754912 0.24116298 0.17198818 0.30415226 0.25357114 0.37438889 0.17436269 0.17536962 0.15108539 0.19989567 0.19930830 0.15149773 0.14936410 0.27849604
0.28426050 0.26675277 0.28403143 0.23862788 0.32536728 0.22258754 0.32250740 0.33122294 0.25957361 -0.00000000 0.22989354 0.33034838 0.30778008 0.24054681 0.25980883 0.68307254 0.35681298 0.26449696 0.48501335 0.33491282 0.36631267 0.29097291 0.30736960 0.28602232 0.30878042 0.40313979 0.39538529 0.47554929 0.29223015 0.30338969 0.27078283 0.29375358 0.30639767 0.26755716 0.23371900 0.31463716
0.18012037 0.17665935 0.20547067 0.13683411 0.18228332 0.10824788 0.23139207 0.32001245 0.16597839 0.22989354 0.00000000 0.21581484 0.27577215 0.11521548 0.18990030 0.65943676 0.23260779 0.14058659 0.49392862 0.30645725 0.31237195 0.23258836 0.30489582 0.21763963 0.18482642 0.34952916 0.25876449 0.32620523 0.13739889 0.17214703 0.12795033 0.18918532 0.21350947 0.12594805 0.09975567 0.19219941
0.18739650 0.18990531 0.18331690 0.18349719 0.23820101 0.19093221 0.21348256 0.33575219 0.22822120 0.33034838 0.21581484 -0.00000000 0.26356721 0.12254939 0.21483209 0.73354135 0.18785426 0.15840007 0.53085716 0.28162789 0.33012670 0.26790208 0.28321582 0.22596524 0.18908407 0.32428609 0.25865956 0.41799074 0.16182341 0.19685360 0.14511742 0.19814252 0.16267469 0.15068022 0.15281718 0.27132417
0.20912871 0.18813146 0.18407321 0.21015253 0.24327348 0.20565999 0.23730351 0.27294161 0.17862298 0.30778008 0.27577215 0.26356721 0.00000000 0.18632313 0.30104435 0.76001618 0.29213871 0.23462822 0.42968565 0.24573946 0.27678844 0.27174191 0.31065120 0.28045175 0.25614695 0.41045784 0.29787886 0.49739805 0.25344194 0.28181506 0.20785884 0.27954330 0.24396029 0.25359111 0.23996792 0.36294231
0.10176403 0.07253896 0.08905246 0.05502011 0.11437298 0.07869156 0.12434791 0.23157026 0.12388489 0.24054681 0.11521548 0.12254939 0.18632313 0.00000000 0.12056094 0.64113135 0.10239127 0.08777070 0.40148687 0.18339184 0.21231538 0.18231774 0.19086539 0.12639394 0.09082036 0.26851493 0.17889687 0.32366303 0.07313832 0.09380131 0.05202037 0.10536083 0.08500749 0.04755638 0.07258194 0.17351434
0.17786675 0.20172407 0.20125331 0.14144389 0.18949696 0.16021309 0.21962164 0.28533123 0.22913064 0.25980883 0.18990030 0.21483209 0.30104435 0.12056094 -0.00000000 0.64193757 0.17787517 0.18681078 0.44637911 0.28283816 0.29606700 0.25419403 0.27044589 0.21831821 0.23080649 0.34426723 0.31640324 0.36126027 0.18473957 0.19725450 0.16187609 0.13186111 0.17542992 0.14221663 0.15476936 0.20828997
0.65762603 0.67619474 0.70933576 0.67215509 0.62134675 0.64414739 0.69578576 0.68993223 0.58356885 0.68307254 0.65943676 0.73354135 0.76001618 0.64113135 0.64193757 -0.00000000 0.68242234 0.68373264 0.75508320 0.68251896 0.70002071 0.66377302 0.66574470 0.68699612 0.66755495 0.51371883 0.74555248 0.64145607 0.65448096 0.62661174 0.65066296 0.66225168 0.66960389 0.61191345 0.62566919 0.68575487
0.18679078 0.19126623 0.17908674 0.14863320 0.18496386 0.17439376 0.19591136 0.31703159 0.24121588 0.35681298 0.23260779 0.18785426 0.29213871 0.10239127 0.17787517 0.68242234 0.00000000 0.15627237 0.41129445 0.28482485 0.29953984 0.26239738 0.24123702 0.20567031 0.18668003 0.34304789 0.23448194 0.35013583 0.16979638 0.18710823 0.12067591 0.19170185 0.14865900 0.13658212 0.17473053 0.24874950
0.14803262 0.15431569 0.16105605 0.13422236 0.18649134 0.13461990 0.17585842 0.27066522 0.16505196 0.26449696 0.14058659 0.15840007 0.23462822 0.08777070 0.18681078 0.68373264 0.15627237 -0.00000000 0.43192082 0.25088347 0.25301779 0.20152453 0.23834436 0.17964886 0.15275546 0.31588782 0.24088607 0.35087024 0.13485922 0.17011400 0.11225239 0.17536351 0.15955584 0.12297787 0.12679410 0.20000668
0.42708060 0.44947569 0.44701951 0.43517265 0.48462515 0.43910179 0.47303046 0.41960169 0.42734249 0.48501335 0.49392862 0.53085716 0.42968565 0.40148687 0.44637911 0.75508320 0.41129445 0.43192082 0.00000000 0.44064633 0.39530710 0.38385553 0.46525491 0.46533726 0.48677545 0.53233003 0.53329980 0.62054038 0.49725269 0.47003334 0.45874102 0.48051668 0.44179784 0.43238537 0.48639809 0.50763930
0.25051565 0.20390109 0.23809796 0.21829538 0.29486508 0.22287677 0.26205221 0.35831022 0.22555385 0.33491282 0.30645725 0.28162789 0.24573946 0.18339184 0.28283816 0.68251896 0.28482485 0.25088347 0.44064633 0.00000000 0.19993327 0.26292756 0.29880132 0.27951678 0.23623974 0.39831513 0.32612886 0.45107059 0.24717174 0.23379386 0.22185418 0.30483682 0.24325709 0.24926386 0.25531845 0.37605603
0.28095951 0.22819510 0.26988874 0.24099778 0.33855613 0.24671641 0.26971899 0.32677165 0.23882642 0.36631267 0.31237195 0.33012670 0.27678844 0.21231538 0.29606700 0.70002071 0.29953984 0.25301779 0.39530710 0.19993327 -0.00000000 0.26668496 0.31265486 0.29933110 0.26160697 0.35407663 0.32154497 0.48911723 0.29102078 0.24974151 0.24929382 0.32630043 0.23782423 0.26061482 0.28080388 0.38184233
0.23129488 0.20812581 0.23569763 0.22114039 0.28089923 0.21604457 0.23852381 0.26930247 0.22102734 0.29097291 0.23258836 0.26790208 0.27174191 0.18231774 0.25419403 0.66377302 0.26239738 0.20152453 0.38385553 0.26292756 0.26668496 -0.00000000 0.32444788 0.27640202 0.25730929 0.33092092 0.31485619 0.43394708 0.24631981 0.24017524 0.22093881 0.26496937 0.24527445 0.22359668 0.22743972 0.29863001
0.22381596 0.23383448 0.21667368 0.22626255 0.29119774 0.21605429 0.24883469 0.33055121 0.27754912 0.30736960 0.30489582 0.28321582 0.31065120 0.19086539 0.27044589 0.66574470 0.24123702 0.23834436 0.46525491 0.29880132 0.31265486 0.32444788 0.00000000 0.08926206 0.16872328 0.33779557 0.35598306 0.48794929 0.21975537 0.18673533 0.21573774 0.25698137 0.14854333 0.21155016 0.25064745 0.32868591
0.18309231 0.16408828 0.17590633 0.17375028 0.22305875 0.16011416 0.19963533 0.29914089 0.24116298 0.28602232 0.21763963 0.22596524 0.28045175 0.12639394 0.21831821 0.68699612 0.20567031 0.17964886 0.46533726 0.27951678 0.29933110 0.27640202 0.08926206 -0.00000000 0.12588255 0.33163789 0.29871382 0.42214873 0.14245071 0.16546275 0.15769851 0.17121295 0.11390322 0.13735682 0.17017248 0.24881579
0.17795864 0.14582093 0.17491852 0.13412825 0.20332307 0.14626294 0.18988260 0.34030486 0.17198818 0.30878042 0.18482642 0.18908407 0.25614695 0.09082036 0.23080649 0.66755495 0.18668003 0.15275546 0.48677545 0.23623974 0.26160697 0.25730929 0.16872328 0.12588255 -0.00000000 0.25721468 0.23305607 0.39440211 0.13847759 0.13561237 0.12248964 0.16452023 0.10560546 0.11727799 0.14585248 0.24681104
0.29051012 0.32649944 0.34444019 0.33404739 0.37390890 0.33763067 0.32364254 0.37367526 0.30415226 0.40313979 0.34952916 0.32428609 0.41045784 0.26851493 0.34426723 0.51371883 0.34304789 0.31588782 0.53233003 0.39831513 0.35407663 0.33092092 0.33779557 0.33163789 0.25721468 0.00000000 0.38760443 0.50038554 0.30669051 0.30555931 0.30455910 0.35749291 0.22087093 0.26055929 0.31708252 0.34177611
0.24545583 0.22870917 0.25274855 0.21987008 0.28779568 0.23913348 0.27187169 0.39085646 0.25357114 0.39538529 0.25876449 0.25865956 0.29787886 0.17889687 0.31640324 0.74555248 0.23448194 0.24088607 0.53329980 0.32612886 0.32154497 0.31485619 0.35598306 0.29871382 0.23305607 0.38760443 0.00000000 0.39937973 0.20321469 0.22067247 0.15577107 0.27223363 0.23238920 0.18864388 0.23645715 0.30790355
0.40363614 0.37160331 0.39763753 0.37411693 0.35353838 0.29313549 0.39938928 0.46777776 0.37438889 0.47554929 0.32620523 0.41799074 0.49739805 0.32366303 0.36126027 0.64145607 0.35013583 0.35087024 0.62054038 0.45107059 0.48911723 0.43394708 0.48794929 0.42214873 0.39440211 0.50038554 0.39937973 0.00000000 0.38658199 0.37186271 0.31594575 0.38899541 0.41592218 0.35518473 0.30554048 0.35955583
0.13996164 0.13979932 0.15008604 0.10516906 0.16425739 0.11521880 0.17601061 0.31374039 0.17436269 0.29223015 0.13739889 0.16182341 0.25344194 0.07313832 0.18473957 0.65448096 0.16979638 0.13485922 0.49725269 0.24717174 0.29102078 0.24631981 0.21975537 0.14245071 0.13847759 0.30669051 0.20321469 0.38658199 -0.00000000 0.11505233 0.08799880 0.14796350 0.12365346 0.08154542 0.11628621 0.20950887
0.17338437 0.13857728 0.15928849 0.12407288 0.18342813 0.13619535 0.18609380 0.30414259 0.17536962 0.30338969 0.17214703 0.19685360 0.28181506 0.09380131 0.19725450 0.62661174 0.18710823 0.17011400 0.47003334 0.23379386 0.24974151 0.24017524 0.18673533 0.16546275 0.13561237 0.30555931 0.22067247 0.37186271 0.11505233 -0.00000000 0.10781409 0.17154230 0.14487055 0.09961197 0.12597229 0.25119424
0.12591750 0.11225652 0.12382755 0.08889717 0.13592475 0.08885335 0.14560749 0.28027972 0.15108539 0.27078283 0.12795033 0.14511742 0.20785884 0.05202037 0.16187609 0.65066296 0.12067591 0.11225239 0.45874102 0.22185418 0.24929382 0.22093881 0.21573774 0.15769851 0.12248964 0.30455910 0.15577107 0.31594575 0.08799880 0.10781409 0.00000000 0.12880448 0.10670544 0.07329567 0.10199168 0.18044689
0.18318553 0.15988024 0.17850043 0.13752711 0.19526745 0.17089704 0.19781013 0.32624999 0.19989567 0.29375358 0.18918532 0.19814252 0.27954330 0.10536083 0.13186111 0.66225168 0.19170185 0.17536351 0.48051668 0.30483682 0.32630043 0.26496937 0.25698137 0.17121295 0.16452023 0.35749291 0.27223363 0.38899541 0.14796350 0.17154230 0.12880448 0.00000000 0.13561426 0.10385898 0.13533805 0.22426601
0.14857669 0.14554932 0.14813249 0.14605273 0.20661587 0.16595862 0.16582641 0.29098151 0.19930830 0.30639767 0.21350947 0.16267469 0.24396029 0.08500749 0.17542992 0.66960389 0.14865900 0.15955584 0.44179784 0.24325709 0.23782423 0.24527445 0.14854333 0.11390322 0.10560546 0.22087093 0.23238920 0.41592218 0.12365346 0.14487055 0.10670544 0.13561426 0.00000000 0.09850897 0.15023676 0.25502121
0.10936517 0.10140105 0.12376856 0.08795694 0.12527955 0.10657469 0.13729052 0.26624523 0.15149773 0.26755716 0.12594805 0.15068022 0.25359111 0.04755638 0.14221663 0.61191345 0.13658212 0.12297787 0.43238537 0.24926386 0.26061482 0.22359668 0.21155016 0.13735682 0.11727799 0.26055929 0.18864388 0.35518473 0.08154542 0.09961197 0.07329567 0.10385898 0.09850897 0.00000000 0.08723967 0.17386368
0.15677271 0.12202339 0.15491448 0.09740640 0.14852674 0.09054198 0.17773935 0.28338018 0.14936410 0.23371900 0.09975567 0.15281718 0.23996792 0.07258194 0.15476936 0.62566919 0.17473053 0.12679410 0.48639809 0.25531845 0.28080388 0.22743972 0.25064745 0.17017248 0.14585248 0.31708252 0.23645715 0.30554048 0.11628621 0.12597229 0.10199168 0.13533805 0.15023676 0.08723967 0.00000000 0.18775189
0.21286415 0.23396211 0.25069353 0.19003025 0.22650639 0.15659106 0.26285493 0.33144947 0.27849604 0.31463716 0.19219941 0.27132417 0.36294231 0.17351434 0.20828997 0.68575487 0.24874950 0.20000668 0.50763930 0.37605603 0.38184233 0.29863001 0.32868591 0.24881579 0.24681104 0.34177611 0.30790355 0.35955583 0.20950887 0.25119424 0.18044689 0.22426601 0.25502121 0.17386368 0.18775189 -0.00000000
