0.000000 0.283090 0.504514 0.669132 0.782725 0.859415 0.940930 1.018545 1.030543 1.214261 1.230120 1.297397 1.349128 1.611763 1.927866 2.677626 2.236791 2.258033 2.587080 2.460516 2.550959 2.561295 2.603815 2.773092 2.837958 3.000510 3.045455 3.913636 3.789962 3.863384 3.905917 4.013186 4.028577 4.079365 4.236773 4.382863
0.283090 0.000000 0.332711 0.501193 0.655443 0.713192 0.795924 0.898615 0.854196 1.056754 1.086660 1.159906 1.188131 1.442539 1.811724 2.556195 2.101267 2.124317 2.469476 2.273902 2.358195 2.398126 2.473835 2.614089 2.665821 2.896500 2.888709 3.741604 3.649800 3.688578 3.752257 3.849881 3.885550 3.931401 4.062024 4.263962
0.504514 0.332711 0.000000 0.289116 0.403592 0.504436 0.571652 0.670821 0.645236 0.844032 0.885471 0.923318 0.954073 1.229052 1.581253 2.359336 1.859087 1.901057 2.237020 2.078099 2.169889 2.195698 2.226674 2.395907 2.464919 2.684441 2.682749 3.537638 3.430087 3.479289 3.533828 3.638501 3.658133 3.723769 3.864915 4.050693
0.669132 0.501193 0.289116 0.000000 0.216694 0.291746 0.407525 0.514145 0.475655 0.638629 0.656834 0.763498 0.820152 1.035020 1.361444 2.162155 1.668633 1.714223 2.065173 1.898296 1.980998 2.021141 2.076262 2.233750 2.264128 2.514048 2.489870 3.354117 3.225169 3.284073 3.338897 3.437527 3.496053 3.527957 3.647407 3.830030
0.782725 0.655443 0.403592 0.216694 0.000000 0.255076 0.372302 0.485529 0.437976 0.645368 0.622284 0.738202 0.773274 1.014373 1.329497 2.031347 1.624964 1.686492 2.034625 1.894866 1.998556 2.000900 2.061198 2.203059 2.253324 2.473909 2.477796 3.253539 3.204258 3.263428 3.305925 3.415268 3.476616 3.485280 3.618527 3.786506
0.859415 0.713192 0.504436 0.291746 0.255076 0.000000 0.228648 0.338884 0.275755 0.422588 0.428248 0.570933 0.615660 0.858692 1.180213 1.934148 1.494394 1.514621 1.869102 1.702878 1.786717 1.816045 1.866054 2.020115 2.076263 2.317631 2.309133 3.073136 3.035219 3.096196 3.138854 3.270898 3.315959 3.346575 3.440542 3.596591
0.940930 0.795924 0.571652 0.407525 0.372302 0.228648 0.000000 0.235683 0.256743 0.462508 0.491392 0.533483 0.587303 0.844348 1.179622 1.925786 1.455912 1.495859 1.843030 1.682053 1.749719 1.778524 1.838835 1.999636 2.059883 2.243643 2.281871 3.119389 3.036011 3.086094 3.135608 3.237811 3.255827 3.317290 3.467740 3.642855
1.018545 0.898615 0.670821 0.514145 0.485529 0.338884 0.235683 0.000000 0.352286 0.461223 0.570012 0.645752 0.612941 0.941569 1.235330 1.909932 1.567031 1.580665 1.779601 1.768310 1.796771 1.799302 1.910550 2.089140 2.200304 2.283675 2.390856 3.177777 3.163740 3.194142 3.260279 3.356250 3.370981 3.436244 3.563380 3.701449
1.030543 0.854196 0.645236 0.475655 0.437976 0.275755 0.256743 0.352286 0.000000 0.339575 0.365979 0.488222 0.468623 0.783885 1.129131 1.753569 1.441216 1.425053 1.737343 1.585555 1.658827 1.701028 1.807549 1.981163 1.981989 2.164153 2.203571 3.034389 2.974363 3.015370 3.081086 3.179896 3.229309 3.271498 3.379365 3.598496
1.214261 1.056754 0.844032 0.638629 0.645368 0.422588 0.462508 0.461223 0.339575 0.000000 0.349893 0.510348 0.517779 0.820546 1.079808 1.773072 1.476812 1.444497 1.715013 1.614913 1.706312 1.690972 1.757369 1.946022 2.038780 2.183139 2.265384 3.055549 3.012230 3.063389 3.120782 3.193753 3.256397 3.307556 3.383719 3.554636
1.230120 1.086660 0.885471 0.656834 0.622284 0.428248 0.491392 0.570012 0.365979 0.349893 0.000000 0.275815 0.365772 0.575215 0.889900 1.629437 1.232608 1.200587 1.603928 1.466458 1.532372 1.512588 1.634895 1.757640 1.794826 2.009529 2.008764 2.786205 2.737399 2.812147 2.857950 2.969186 3.043510 3.045948 3.129756 3.312199
1.297397 1.159906 0.923318 0.763498 0.738202 0.570933 0.533483 0.645752 0.488222 0.510348 0.275815 0.000000 0.293566 0.522549 0.854831 1.643541 1.127854 1.158400 1.580857 1.381628 1.490126 1.487902 1.553215 1.705965 1.739084 1.924286 1.948659 2.817990 2.701823 2.776853 2.815117 2.918142 2.932674 3.010679 3.122817 3.331323
1.349128 1.188131 0.954073 0.820152 0.773274 0.615660 0.587303 0.612941 0.468623 0.517779 0.365772 0.293566 0.000000 0.556323 0.911044 1.640016 1.202139 1.204629 1.449686 1.315740 1.406789 1.461742 1.550651 1.730452 1.776147 1.980458 1.957879 2.867398 2.763443 2.831815 2.847859 2.969544 2.983961 3.083591 3.179968 3.392942
1.611763 1.442539 1.229052 1.035020 1.014373 0.858692 0.844348 0.941569 0.783885 0.820546 0.575215 0.522549 0.556323 0.000000 0.360561 1.151132 0.642392 0.687772 1.051487 0.883393 0.972316 1.002318 1.060865 1.206394 1.240821 1.468515 1.468897 2.323663 2.213139 2.273802 2.322021 2.425361 2.455008 2.507556 2.642582 2.833514
1.927866 1.811724 1.581253 1.361444 1.329497 1.180213 1.179622 1.235330 1.129131 1.079808 0.889900 0.854831 0.911044 0.360561 0.000000 0.911938 0.477875 0.546812 0.856379 0.742839 0.816067 0.834194 0.900446 1.058318 1.140807 1.304268 1.366403 2.121260 2.084740 2.137255 2.191876 2.211862 2.305430 2.362217 2.484770 2.628290
2.677626 2.556195 2.359336 2.162155 2.031347 1.934148 1.925786 1.909932 1.753569 1.773072 1.629437 1.643541 1.640016 1.151132 0.911938 0.000000 0.712423 0.773733 0.895083 0.872520 0.950021 0.973773 1.025744 1.256996 1.307555 1.203719 1.525552 2.131456 2.284481 2.296612 2.410663 2.472252 2.529604 2.561913 2.685669 2.835755
2.236791 2.101267 1.859087 1.668633 1.624964 1.494394 1.455912 1.567031 1.441216 1.476812 1.232608 1.127854 1.202139 0.642392 0.477875 0.712423 0.000000 0.216273 0.521294 0.444825 0.519540 0.542397 0.571237 0.745670 0.796680 1.003048 0.984481 1.810136 1.769797 1.827108 1.850676 1.971702 1.978659 2.056582 2.204731 2.368749
2.258033 2.124317 1.901057 1.714223 1.686492 1.514621 1.495859 1.580665 1.425053 1.444497 1.200587 1.158400 1.204629 0.687772 0.546812 0.773733 0.216273 0.000000 0.481920 0.350883 0.413017 0.421524 0.508343 0.659648 0.702755 0.915887 0.930885 1.750870 1.674859 1.750113 1.782252 1.895363 1.929555 1.982977 2.096794 2.260006
2.587080 2.469476 2.237020 2.065173 2.034625 1.869102 1.843030 1.779601 1.737343 1.715013 1.603928 1.580857 1.449686 1.051487 0.856379 0.895083 0.521294 0.481920 0.000000 0.490647 0.505307 0.553856 0.685255 0.895337 0.986776 1.082330 1.173300 1.970540 1.987253 2.000033 2.078741 2.150517 2.161798 2.242385 2.406398 2.517639
2.460516 2.273902 2.078099 1.898296 1.894866 1.702878 1.682053 1.768310 1.585555 1.614913 1.466458 1.381628 1.315740 0.883393 0.742839 0.872520 0.444825 0.350883 0.490647 0.000000 0.259933 0.382927 0.468801 0.659516 0.686239 0.898315 0.916128 1.751070 1.687172 1.713793 1.791854 1.924837 1.913257 2.009263 2.125318 2.336055
2.550959 2.358195 2.169889 1.980998 1.998556 1.786717 1.749719 1.796771 1.658827 1.706312 1.532372 1.490126 1.406789 0.972316 0.816067 0.950021 0.519540 0.413017 0.505307 0.259933 0.000000 0.326685 0.422655 0.619331 0.651607 0.794077 0.851545 1.729117 1.671021 1.669742 1.759294 1.886301 1.847825 1.960615 2.090804 2.281842
2.561295 2.398126 2.195698 2.021141 2.000900 1.816045 1.778524 1.799302 1.701028 1.690972 1.512588 1.487902 1.461742 1.002318 0.834194 0.973773 0.542397 0.421524 0.553856 0.382927 0.326685 0.000000 0.374447 0.536402 0.587309 0.710921 0.784856 1.613947 1.566320 1.600175 1.670939 1.764970 1.795274 1.863596 1.977440 2.138630
2.603815 2.473835 2.226674 2.076262 2.061198 1.866054 1.838835 1.910550 1.807549 1.757369 1.634895 1.553215 1.550651 1.060865 0.900446 1.025744 0.571237 0.508343 0.685255 0.468801 0.422655 0.374447 0.000000 0.299262 0.448724 0.667796 0.775983 1.617950 1.489756 1.496736 1.615738 1.706982 1.648544 1.801550 1.950648 2.118686
2.773092 2.614089 2.395907 2.233750 2.203059 2.020115 1.999636 2.089140 1.981163 1.946022 1.757640 1.705965 1.730452 1.206394 1.058318 1.256996 0.745670 0.659648 0.895337 0.659516 0.619331 0.536402 0.299262 0.000000 0.195883 0.451638 0.508713 1.342149 1.202451 1.265463 1.347699 1.411213 1.403903 1.517356 1.660173 1.828815
2.837958 2.665821 2.464919 2.264128 2.253324 2.076263 2.059883 2.200304 1.981989 2.038780 1.794826 1.739084 1.776147 1.240821 1.140807 1.307555 0.796680 0.702755 0.986776 0.686239 0.651607 0.587309 0.448724 0.195883 0.000000 0.307215 0.373056 1.244402 1.128478 1.165612 1.242490 1.334520 1.325605 1.427278 1.565853 1.756811
3.000510 2.896500 2.684441 2.514048 2.473909 2.317631 2.243643 2.283675 2.164153 2.183139 2.009529 1.924286 1.980458 1.468515 1.304268 1.203719 1.003048 0.915887 1.082330 0.898315 0.794077 0.710921 0.667796 0.451638 0.307215 0.000000 0.477604 1.300385 1.246691 1.285559 1.374559 1.477493 1.390871 1.520559 1.687083 1.801776
3.045455 2.888709 2.682749 2.489870 2.477796 2.309133 2.281871 2.390856 2.203571 2.265384 2.008764 1.948659 1.957879 1.468897 1.366403 1.525552 0.984481 0.930885 1.173300 0.916128 0.851545 0.784856 0.775983 0.508713 0.373056 0.477604 0.000000 1.109380 1.053215 1.110673 1.135772 1.302234 1.312390 1.358644 1.516458 1.677904
3.913636 3.741604 3.537638 3.354117 3.253539 3.073136 3.119389 3.177777 3.034389 3.055549 2.786205 2.817990 2.867398 2.323663 2.121260 2.131456 1.810136 1.750870 1.970540 1.751070 1.729117 1.613947 1.617950 1.342149 1.244402 1.300385 1.109380 0.000000 0.526582 0.551863 0.585946 0.708996 0.785922 0.815184 0.875541 1.019556
3.789962 3.649800 3.430087 3.225169 3.204258 3.035219 3.036011 3.163740 2.974363 3.012230 2.737399 2.701823 2.763443 2.213139 2.084740 2.284481 1.769797 1.674859 1.987253 1.687172 1.671021 1.566320 1.489756 1.202451 1.128478 1.246691 1.053215 0.526582 0.000000 0.155052 0.217999 0.327963 0.353653 0.401545 0.546286 0.729508
3.863384 3.688578 3.479289 3.284073 3.263428 3.096196 3.086094 3.194142 3.015370 3.063389 2.812147 2.776853 2.831815 2.273802 2.137255 2.296612 1.827108 1.750113 2.000033 1.713793 1.669742 1.600175 1.496736 1.265463 1.165612 1.285559 1.110673 0.551863 0.155052 0.000000 0.197814 0.311543 0.334871 0.379612 0.515973 0.731194
3.905917 3.752257 3.533828 3.338897 3.305925 3.138854 3.135608 3.260279 3.081086 3.120782 2.857950 2.815117 2.847859 2.322021 2.191876 2.410663 1.850676 1.782252 2.078741 1.791854 1.759294 1.670939 1.615738 1.347699 1.242490 1.374559 1.135772 0.585946 0.217999 0.197814 0.000000 0.178805 0.206705 0.263295 0.401992 0.570446
4.013186 3.849881 3.638501 3.437527 3.415268 3.270898 3.237811 3.356250 3.179896 3.193753 2.969186 2.918142 2.969544 2.425361 2.211862 2.472252 1.971702 1.895363 2.150517 1.924837 1.886301 1.764970 1.706982 1.411213 1.334520 1.477493 1.302234 0.708996 0.327963 0.311543 0.178805 0.000000 0.185614 0.243858 0.385338 0.564265
4.028577 3.885550 3.658133 3.496053 3.476616 3.315959 3.255827 3.370981 3.229309 3.256397 3.043510 2.932674 2.983961 2.455008 2.305430 2.529604 1.978659 1.929555 2.161798 1.913257 1.847825 1.795274 1.648544 1.403903 1.325605 1.390871 1.312390 0.785922 0.353653 0.334871 0.206705 0.185614 0.000000 0.188509 0.350237 0.545021
4.079365 3.931401 3.723769 3.527957 3.485280 3.346575 3.317290 3.436244 3.271498 3.307556 3.045948 3.010679 3.083591 2.507556 2.362217 2.561913 2.056582 1.982977 2.242385 2.009263 1.960615 1.863596 1.801550 1.517356 1.427278 1.520559 1.358644 0.815184 0.401545 0.379612 0.263295 0.243858 0.188509 0.000000 0.197240 0.373864
4.236773 4.062024 3.864915 3.647407 3.618527 3.440542 3.467740 3.563380 3.379365 3.383719 3.129756 3.122817 3.179968 2.642582 2.484770 2.685669 2.204731 2.096794 2.406398 2.125318 2.090804 1.977440 1.950648 1.660173 1.565853 1.687083 1.516458 0.875541 0.546286 0.515973 0.401992 0.385338 0.350237 0.197240 0.000000 0.277751
4.382863 4.263962 4.050693 3.830030 3.786506 3.596591 3.642855 3.701449 3.598496 3.554636 3.312199 3.331323 3.392942 2.833514 2.628290 2.835755 2.368749 2.260006 2.517639 2.336055 2.281842 2.138630 2.118686 1.828815 1.756811 1.801776 1.677904 1.019556 0.729508 0.731194 0.570446 0.564265 0.545021 0.373864 0.277751 0.000000
