0.000000 0.143090 0.134515 0.139132 0.172725 0.129416 0.150931 0.218544 0.180543 0.284261 0.180120 0.187396 0.209129 0.101764 0.177867 0.657626 0.186791 0.148033 0.427081 0.250516 0.280960 0.231295 0.223816 0.183092 0.177959 0.290510 0.245456 0.403636 0.139962 0.173384 0.125917 0.183186 0.148577 0.109365 0.156773 0.212864
0.143090 0.000000 0.102711 0.111193 0.185443 0.123191 0.145923 0.238614 0.144196 0.266753 0.176659 0.189905 0.188131 0.072539 0.201724 0.676195 0.191266 0.154316 0.449476 0.203901 0.228195 0.208126 0.233834 0.164088 0.145821 0.326499 0.228709 0.371603 0.139799 0.138577 0.112257 0.159880 0.145549 0.101401 0.122023 0.233962
0.134515 0.102711 -0.000000 0.129116 0.163592 0.144436 0.151652 0.240820 0.165236 0.284031 0.205471 0.183317 0.184073 0.089052 0.201253 0.709336 0.179087 0.161056 0.447020 0.238098 0.269889 0.235698 0.216674 0.175906 0.174919 0.344440 0.252749 0.397638 0.150086 0.159288 0.123828 0.178500 0.148132 0.123769 0.154914 0.250694
0.139132 0.111193 0.129116 0.000000 0.136694 0.091746 0.147525 0.244144 0.155655 0.238628 0.136834 0.183497 0.210153 0.055020 0.141444 0.672155 0.148633 0.134222 0.435173 0.218295 0.240998 0.221140 0.226263 0.173750 0.134128 0.334047 0.219870 0.374117 0.105169 0.124073 0.088897 0.137527 0.146053 0.087957 0.097406 0.190030
0.172725 0.185443 0.163592 0.136694 0.000000 0.135076 0.192301 0.295528 0.197976 0.325367 0.182283 0.238201 0.243273 0.114373 0.189497 0.621347 0.184964 0.186491 0.484625 0.294865 0.338556 0.280899 0.291198 0.223059 0.203323 0.373909 0.287796 0.353538 0.164257 0.183428 0.135925 0.195267 0.206616 0.125280 0.148527 0.226506
0.129416 0.123191 0.144436 0.091746 0.135076 0.000000 0.168648 0.268883 0.155755 0.222588 0.108248 0.190932 0.205660 0.078692 0.160213 0.644147 0.174394 0.134620 0.439102 0.222877 0.246716 0.216045 0.216054 0.160114 0.146263 0.337631 0.239133 0.293135 0.115219 0.136195 0.088853 0.170897 0.165959 0.106575 0.090542 0.156591
0.150931 0.145923 0.151652 0.147525 0.192301 0.168648 0.000000 0.225683 0.196743 0.322507 0.231392 0.213483 0.237304 0.124348 0.219622 0.695786 0.195911 0.175858 0.473030 0.262052 0.269719 0.238524 0.248835 0.199635 0.189883 0.323643 0.271872 0.399389 0.176011 0.186094 0.145607 0.197810 0.165826 0.137291 0.177739 0.262855
0.218544 0.238614 0.240820 0.244144 0.295528 0.268883 0.225683 -0.000000 0.302286 0.331223 0.320012 0.335752 0.272942 0.231570 0.285331 0.689932 0.317032 0.270665 0.419602 0.358310 0.326772 0.269302 0.330551 0.299141 0.340305 0.373675 0.390856 0.467778 0.313740 0.304143 0.280280 0.326250 0.290982 0.266245 0.283380 0.331449
0.180543 0.144196 0.165236 0.155655 0.197976 0.155755 0.196743 0.302286 0.000000 0.259574 0.165978 0.228221 0.178623 0.123885 0.229131 0.583569 0.241216 0.165052 0.427342 0.225554 0.238826 0.221027 0.277549 0.241163 0.171988 0.304152 0.253571 0.374389 0.174363 0.175370 0.151085 0.199896 0.199308 0.151498 0.149364 0.278496
0.284261 0.266753 0.284031 0.238628 0.325367 0.222588 0.322507 0.331223 0.259574 -0.000000 0.229894 0.330348 0.307780 0.240547 0.259809 0.683073 0.356813 0.264497 0.485013 0.334913 0.366313 0.290973 0.307370 0.286022 0.308780 0.403140 0.395385 0.475549 0.292230 0.303390 0.270783 0.293754 0.306398 0.267557 0.233719 0.314637
0.180120 0.176659 0.205471 0.136834 0.182283 0.108248 0.231392 0.320012 0.165978 0.229894 0.000000 0.215815 0.275772 0.115215 0.189900 0.659437 0.232608 0.140587 0.493929 0.306457 0.312372 0.232588 0.304896 0.217640 0.184826 0.349529 0.258764 0.326205 0.137399 0.172147 0.127950 0.189185 0.213509 0.125948 0.099756 0.192199
0.187396 0.189905 0.183317 0.183497 0.238201 0.190932 0.213483 0.335752 0.228221 0.330348 0.215815 -0.000000 0.263567 0.122549 0.214832 0.733541 0.187854 0.158400 0.530857 0.281628 0.330127 0.267902 0.283216 0.225965 0.189084 0.324286 0.258660 0.417991 0.161823 0.196854 0.145117 0.198143 0.162675 0.150680 0.152817 0.271324
0.209129 0.188131 0.184073 0.210153 0.243273 0.205660 0.237304 0.272942 0.178623 0.307780 0.275772 0.263567 -0.000000 0.186323 0.301044 0.760016 0.292139 0.234628 0.429686 0.245739 0.276788 0.271742 0.310651 0.280452 0.256147 0.410458 0.297879 0.497398 0.253442 0.281815 0.207859 0.279543 0.243960 0.253591 0.239968 0.362942
0.101764 0.072539 0.089052 0.055020 0.114373 0.078692 0.124348 0.231570 0.123885 0.240547 0.115215 0.122549 0.186323 0.000000 0.120561 0.641131 0.102391 0.087771 0.401487 0.183392 0.212315 0.182318 0.190865 0.126394 0.090820 0.268515 0.178897 0.323663 0.073138 0.093801 0.052020 0.105361 0.085007 0.047556 0.072582 0.173514
0.177867 0.201724 0.201253 0.141444 0.189497 0.160213 0.219622 0.285331 0.229131 0.259809 0.189900 0.214832 0.301044 0.120561 -0.000000 0.641938 0.177875 0.186811 0.446379 0.282838 0.296067 0.254194 0.270446 0.218318 0.230806 0.344267 0.316403 0.361260 0.184740 0.197254 0.161876 0.131861 0.175430 0.142217 0.154769 0.208290
0.657626 0.676195 0.709336 0.672155 0.621347 0.644147 0.695786 0.689932 0.583569 0.683073 0.659437 0.733541 0.760016 0.641131 0.641938 0.000000 0.682422 0.683733 0.755083 0.682519 0.700021 0.663773 0.665745 0.686996 0.667555 0.513719 0.745552 0.641456 0.654481 0.626612 0.650663 0.662252 0.669604 0.611913 0.625669 0.685755
0.186791 0.191266 0.179087 0.148633 0.184964 0.174394 0.195911 0.317032 0.241216 0.356813 0.232608 0.187854 0.292139 0.102391 0.177875 0.682422 0.000000 0.156272 0.411294 0.284825 0.299540 0.262397 0.241237 0.205670 0.186680 0.343048 0.234482 0.350136 0.169796 0.187108 0.120676 0.191702 0.148659 0.136582 0.174731 0.248750
0.148033 0.154316 0.161056 0.134222 0.186491 0.134620 0.175858 0.270665 0.165052 0.264497 0.140587 0.158400 0.234628 0.087771 0.186811 0.683733 0.156272 0.000000 0.431921 0.250883 0.253018 0.201525 0.238344 0.179649 0.152755 0.315888 0.240886 0.350870 0.134859 0.170114 0.112252 0.175364 0.159556 0.122978 0.126794 0.200007
0.427081 0.449476 0.447020 0.435173 0.484625 0.439102 0.473030 0.419602 0.427342 0.485013 0.493929 0.530857 0.429686 0.401487 0.446379 0.755083 0.411294 0.431921 -0.000000 0.440646 0.395307 0.383856 0.465255 0.465337 0.486775 0.532330 0.533300 0.620540 0.497253 0.470033 0.458741 0.480517 0.441798 0.432385 0.486398 0.507639
0.250516 0.203901 0.238098 0.218295 0.294865 0.222877 0.262052 0.358310 0.225554 0.334913 0.306457 0.281628 0.245739 0.183392 0.282838 0.682519 0.284825 0.250883 0.440646 0.000000 0.199933 0.262928 0.298801 0.279517 0.236240 0.398315 0.326129 0.451071 0.247172 0.233794 0.221854 0.304837 0.243257 0.249264 0.255318 0.376056
0.280960 0.228195 0.269889 0.240998 0.338556 0.246716 0.269719 0.326772 0.238826 0.366313 0.312372 0.330127 0.276788 0.212315 0.296067 0.700021 0.299540 0.253018 0.395307 0.199933 0.000000 0.266685 0.312655 0.299331 0.261607 0.354077 0.321545 0.489117 0.291021 0.249742 0.249294 0.326300 0.237824 0.260615 0.280804 0.381842
0.231295 0.208126 0.235698 0.221140 0.280899 0.216045 0.238524 0.269302 0.221027 0.290973 0.232588 0.267902 0.271742 0.182318 0.254194 0.663773 0.262397 0.201525 0.383856 0.262928 0.266685 -0.000000 0.324448 0.276402 0.257309 0.330921 0.314856 0.433947 0.246320 0.240175 0.220939 0.264969 0.245274 0.223597 0.227440 0.298630
0.223816 0.233834 0.216674 0.226263 0.291198 0.216054 0.248835 0.330551 0.277549 0.307370 0.304896 0.283216 0.310651 0.190865 0.270446 0.665745 0.241237 0.238344 0.465255 0.298801 0.312655 0.324448 0.000000 0.089262 0.168723 0.337796 0.355983 0.487949 0.219755 0.186735 0.215738 0.256981 0.148543 0.211550 0.250647 0.328686
0.183092 0.164088 0.175906 0.173750 0.223059 0.160114 0.199635 0.299141 0.241163 0.286022 0.217640 0.225965 0.280452 0.126394 0.218318 0.686996 0.205670 0.179649 0.465337 0.279517 0.299331 0.276402 0.089262 0.000000 0.125883 0.331638 0.298714 0.422149 0.142451 0.165463 0.157699 0.171213 0.113903 0.137357 0.170172 0.248816
0.177959 0.145821 0.174919 0.134128 0.203323 0.146263 0.189883 0.340305 0.171988 0.308780 0.184826 0.189084 0.256147 0.090820 0.230806 0.667555 0.186680 0.152755 0.486775 0.236240 0.261607 0.257309 0.168723 0.125883 -0.000000 0.257215 0.233056 0.394402 0.138478 0.135612 0.122490 0.164520 0.105605 0.117278 0.145852 0.246811
0.290510 0.326499 0.344440 0.334047 0.373909 0.337631 0.323643 0.373675 0.304152 0.403140 0.349529 0.324286 0.410458 0.268515 0.344267 0.513719 0.343048 0.315888 0.532330 0.398315 0.354077 0.330921 0.337796 0.331638 0.257215 0.000000 0.387604 0.500386 0.306691 0.305559 0.304559 0.357493 0.220871 0.260559 0.317083 0.341776
0.245456 0.228709 0.252749 0.219870 0.287796 0.239133 0.271872 0.390856 0.253571 0.395385 0.258764 0.258660 0.297879 0.178897 0.316403 0.745552 0.234482 0.240886 0.533300 0.326129 0.321545 0.314856 0.355983 0.298714 0.233056 0.387604 -0.000000 0.399380 0.203215 0.220672 0.155771 0.272234 0.232389 0.188644 0.236457 0.307904
0.403636 0.371603 0.397638 0.374117 0.353538 0.293135 0.399389 0.467778 0.374389 0.475549 0.326205 0.417991 0.497398 0.323663 0.361260 0.641456 0.350136 0.350870 0.620540 0.451071 0.489117 0.433947 0.487949 0.422149 0.394402 0.500386 0.399380 -0.000000 0.386582 0.371863 0.315946 0.388995 0.415922 0.355185 0.305540 0.359556
0.139962 0.139799 0.150086 0.105169 0.164257 0.115219 0.176011 0.313740 0.174363 0.292230 0.137399 0.161823 0.253442 0.073138 0.184740 0.654481 0.169796 0.134859 0.497253 0.247172 0.291021 0.246320 0.219755 0.142451 0.138478 0.306691 0.203215 0.386582 0.000000 0.115052 0.087999 0.147963 0.123653 0.081545 0.116286 0.209509
0.173384 0.138577 0.159288 0.124073 0.183428 0.136195 0.186094 0.304143 0.175370 0.303390 0.172147 0.196854 0.281815 0.093801 0.197254 0.626612 0.187108 0.170114 0.470033 0.233794 0.249742 0.240175 0.186735 0.165463 0.135612 0.305559 0.220672 0.371863 0.115052 -0.000000 0.107814 0.171542 0.144871 0.099612 0.125972 0.251194
0.125917 0.112257 0.123828 0.088897 0.135925 0.088853 0.145607 0.280280 0.151085 0.270783 0.127950 0.145117 0.207859 0.052020 0.161876 0.650663 0.120676 0.112252 0.458741 0.221854 0.249294 0.220939 0.215738 0.157699 0.122490 0.304559 0.155771 0.315946 0.087999 0.107814 0.000000 0.128804 0.106705 0.073296 0.101992 0.180447
0.183186 0.159880 0.178500 0.137527 0.195267 0.170897 0.197810 0.326250 0.199896 0.293754 0.189185 0.198143 0.279543 0.105361 0.131861 0.662252 0.191702 0.175364 0.480517 0.304837 0.326300 0.264969 0.256981 0.171213 0.164520 0.357493 0.272234 0.388995 0.147963 0.171542 0.128804 0.000000 0.135614 0.103859 0.135338 0.224266
0.148577 0.145549 0.148132 0.146053 0.206616 0.165959 0.165826 0.290982 0.199308 0.306398 0.213509 0.162675 0.243960 0.085007 0.175430 0.669604 0.148659 0.159556 0.441798 0.243257 0.237824 0.245274 0.148543 0.113903 0.105605 0.220871 0.232389 0.415922 0.123653 0.144871 0.106705 0.135614 0.000000 0.098509 0.150237 0.255021
0.109365 0.101401 0.123769 0.087957 0.125280 0.106575 0.137291 0.266245 0.151498 0.267557 0.125948 0.150680 0.253591 0.047556 0.142217 0.611913 0.136582 0.122978 0.432385 0.249264 0.260615 0.223597 0.211550 0.137357 0.117278 0.260559 0.188644 0.355185 0.081545 0.099612 0.073296 0.103859 0.098509 0.000000 0.087240 0.173864
0.156773 0.122023 0.154914 0.097406 0.148527 0.090542 0.177739 0.283380 0.149364 0.233719 0.099756 0.152817 0.239968 0.072582 0.154769 0.625669 0.174731 0.126794 0.486398 0.255318 0.280804 0.227440 0.250647 0.170172 0.145852 0.317083 0.236457 0.305540 0.116286 0.125972 0.101992 0.135338 0.150237 0.087240 0.000000 0.187752
0.212864 0.233962 0.250694 0.190030 0.226506 0.156591 0.262855 0.331449 0.278496 0.314637 0.192199 0.271324 0.362942 0.173514 0.208290 0.685755 0.248750 0.200007 0.507639 0.376056 0.381842 0.298630 0.328686 0.248816 0.246811 0.341776 0.307904 0.359556 0.209509 0.251194 0.180447 0.224266 0.255021 0.173864 0.187752 -0.000000
