0.000000 0.139999 0.369999 0.530000 0.609999 0.729999 0.790000 0.800000 0.849999 0.930000 1.050000 1.110000 1.139999 1.509999 1.749999 2.020000 2.050000 2.110000 2.160000 2.210000 2.270000 2.330000 2.379999 2.590000 2.660000 2.710000 2.799999 3.510000 3.650000 3.690000 3.780000 3.830000 3.880000 3.969999 4.080000 4.169999
0.139999 0.000000 0.230000 0.390000 0.470000 0.590000 0.650000 0.660001 0.710000 0.790001 0.910000 0.970001 1.000000 1.370000 1.610000 1.880000 1.910000 1.970001 2.020000 2.070001 2.130000 2.190000 2.240000 2.450000 2.520000 2.570000 2.660000 3.370000 3.510001 3.550000 3.640000 3.690001 3.740000 3.830000 3.940001 4.030000
0.369999 0.230000 0.000000 0.160000 0.240000 0.360000 0.420000 0.430001 0.480000 0.560001 0.680000 0.740001 0.770000 1.140000 1.380000 1.650000 1.680000 1.740001 1.790000 1.840001 1.900000 1.960000 2.010000 2.220000 2.290000 2.340000 2.430000 3.140000 3.280001 3.320000 3.410000 3.460001 3.510000 3.600000 3.710000 3.800000
0.530000 0.390000 0.160000 0.000000 0.080000 0.200000 0.260000 0.270001 0.320000 0.400001 0.520000 0.580001 0.610000 0.980000 1.220000 1.490000 1.520000 1.580001 1.630000 1.680001 1.740000 1.800000 1.850000 2.060000 2.130000 2.180000 2.270000 2.980000 3.120000 3.160000 3.250000 3.300000 3.350000 3.440000 3.550000 3.640000
0.609999 0.470000 0.240000 0.080000 0.000000 0.120000 0.180000 0.190001 0.240000 0.320001 0.440000 0.500001 0.530000 0.900000 1.140000 1.410000 1.440000 1.500001 1.550000 1.600001 1.660000 1.720000 1.770000 1.980000 2.050000 2.100001 2.190000 2.900000 3.040001 3.080000 3.170000 3.220001 3.270000 3.360000 3.470001 3.560000
0.729999 0.590000 0.360000 0.200000 0.120000 0.000000 0.060000 0.070001 0.120000 0.200001 0.320000 0.380001 0.410000 0.780000 1.020000 1.290000 1.320000 1.380001 1.430000 1.480001 1.540000 1.600000 1.650000 1.860000 1.930000 1.980000 2.070000 2.780000 2.920001 2.960000 3.050000 3.100001 3.150000 3.240000 3.350000 3.440000
0.790000 0.650000 0.420000 0.260000 0.180000 0.060000 0.000000 0.010001 0.060000 0.140001 0.260000 0.320001 0.350000 0.720000 0.960000 1.230000 1.260000 1.320001 1.370000 1.420001 1.480000 1.540000 1.590000 1.800000 1.870000 1.920000 2.010000 2.720000 2.860001 2.900000 2.990000 3.040000 3.090000 3.180000 3.290000 3.380000
0.800000 0.660001 0.430001 0.270001 0.190001 0.070001 0.010001 0.000000 0.049999 0.130000 0.250000 0.310000 0.339999 0.709999 0.949999 1.219999 1.250000 1.310000 1.359999 1.410000 1.469999 1.530000 1.579999 1.790000 1.860000 1.910000 1.999999 2.709999 2.850000 2.889999 2.980000 3.030000 3.080000 3.169999 3.280000 3.369999
0.849999 0.710000 0.480000 0.320000 0.240000 0.120000 0.060000 0.049999 0.000000 0.080001 0.200000 0.260001 0.290000 0.660000 0.900000 1.170000 1.200000 1.260001 1.310000 1.360001 1.420000 1.480000 1.530000 1.740000 1.810000 1.860000 1.950000 2.660000 2.800001 2.840000 2.930000 2.980001 3.030000 3.120000 3.230000 3.320000
0.930000 0.790001 0.560001 0.400001 0.320001 0.200001 0.140001 0.130000 0.080001 0.000000 0.119999 0.180000 0.209999 0.579999 0.819999 1.089999 1.120000 1.180000 1.229999 1.280000 1.339999 1.400000 1.449999 1.659999 1.730000 1.780000 1.869999 2.579999 2.720000 2.759999 2.850000 2.900000 2.950000 3.039999 3.150000 3.239999
1.050000 0.910000 0.680000 0.520000 0.440000 0.320000 0.260000 0.250000 0.200000 0.119999 0.000000 0.060000 0.090000 0.460000 0.700000 0.970000 1.000000 1.060000 1.110000 1.160000 1.220000 1.280000 1.330000 1.540000 1.610000 1.660000 1.750000 2.460000 2.600000 2.640000 2.730000 2.780000 2.830000 2.920000 3.030000 3.120000
1.110000 0.970001 0.740001 0.580001 0.500001 0.380001 0.320001 0.310000 0.260001 0.180000 0.060000 0.000000 0.029999 0.399999 0.639999 0.909999 0.940000 1.000000 1.049999 1.100000 1.159999 1.220000 1.269999 1.480000 1.550000 1.600000 1.689999 2.399999 2.540000 2.579999 2.670000 2.720000 2.770000 2.859999 2.970000 3.059999
1.139999 1.000000 0.770000 0.610000 0.530000 0.410000 0.350000 0.339999 0.290000 0.209999 0.090000 0.029999 0.000000 0.370000 0.610000 0.880000 0.910000 0.970001 1.020000 1.070001 1.130000 1.190000 1.240000 1.450000 1.520000 1.570000 1.660000 2.370000 2.510001 2.550000 2.640000 2.690001 2.740000 2.830000 2.940000 3.030000
1.509999 1.370000 1.140000 0.980000 0.900000 0.780000 0.720000 0.709999 0.660000 0.579999 0.460000 0.399999 0.370000 0.000000 0.240000 0.510000 0.540000 0.600001 0.650000 0.700001 0.760000 0.820000 0.870000 1.080000 1.150000 1.200000 1.290000 2.000000 2.140001 2.180000 2.270000 2.320001 2.370000 2.460000 2.570000 2.660000
1.749999 1.610000 1.380000 1.220000 1.140000 1.020000 0.960000 0.949999 0.900000 0.819999 0.700000 0.639999 0.610000 0.240000 0.000000 0.270000 0.300000 0.360001 0.410000 0.460001 0.520000 0.580000 0.630000 0.840000 0.910000 0.960000 1.050000 1.760000 1.900001 1.940000 2.030000 2.080000 2.130000 2.220000 2.330000 2.420000
2.020000 1.880000 1.650000 1.490000 1.410000 1.290000 1.230000 1.219999 1.170000 1.089999 0.970000 0.909999 0.880000 0.510000 0.270000 0.000000 0.030000 0.090001 0.140000 0.190001 0.250000 0.310000 0.360000 0.570000 0.640000 0.690000 0.780000 1.490000 1.630000 1.670000 1.760000 1.810000 1.860000 1.950000 2.060000 2.150000
2.050000 1.910000 1.680000 1.520000 1.440000 1.320000 1.260000 1.250000 1.200000 1.120000 1.000000 0.940000 0.910000 0.540000 0.300000 0.030000 0.000000 0.060000 0.110000 0.160000 0.220000 0.280000 0.330000 0.540000 0.610000 0.660000 0.750000 1.460000 1.600000 1.640000 1.730000 1.780000 1.830000 1.920000 2.030000 2.120000
2.110000 1.970001 1.740001 1.580001 1.500001 1.380001 1.320001 1.310000 1.260001 1.180000 1.060000 1.000000 0.970001 0.600001 0.360001 0.090001 0.060000 0.000000 0.049999 0.100000 0.159999 0.220000 0.269999 0.480000 0.550000 0.600000 0.689999 1.399999 1.540000 1.579999 1.670000 1.720000 1.770000 1.859999 1.970000 2.059999
2.160000 2.020000 1.790000 1.630000 1.550000 1.430000 1.370000 1.359999 1.310000 1.229999 1.110000 1.049999 1.020000 0.650000 0.410000 0.140000 0.110000 0.049999 0.000000 0.050001 0.110000 0.170000 0.220000 0.430000 0.500000 0.550000 0.640000 1.350000 1.490001 1.530000 1.620000 1.670000 1.720000 1.810000 1.920000 2.010000
2.210000 2.070001 1.840001 1.680001 1.600001 1.480001 1.420001 1.410000 1.360001 1.280000 1.160000 1.100000 1.070001 0.700001 0.460001 0.190001 0.160000 0.100000 0.050001 0.000000 0.059999 0.120000 0.169999 0.380000 0.450000 0.500000 0.589999 1.299999 1.440000 1.479999 1.570000 1.620000 1.670000 1.759999 1.870000 1.959999
2.270000 2.130000 1.900000 1.740000 1.660000 1.540000 1.480000 1.469999 1.420000 1.339999 1.220000 1.159999 1.130000 0.760000 0.520000 0.250000 0.220000 0.159999 0.110000 0.059999 0.000000 0.060000 0.110000 0.320000 0.390000 0.440000 0.530000 1.240000 1.380001 1.420000 1.510000 1.560000 1.610000 1.700000 1.810000 1.900000
2.330000 2.190000 1.960000 1.800000 1.720000 1.600000 1.540000 1.530000 1.480000 1.400000 1.280000 1.220000 1.190000 0.820000 0.580000 0.310000 0.280000 0.220000 0.170000 0.120000 0.060000 0.000000 0.050000 0.260000 0.330000 0.380000 0.470000 1.180000 1.320000 1.360000 1.450000 1.500000 1.550000 1.640000 1.750000 1.840000
2.379999 2.240000 2.010000 1.850000 1.770000 1.650000 1.590000 1.579999 1.530000 1.449999 1.330000 1.269999 1.240000 0.870000 0.630000 0.360000 0.330000 0.269999 0.220000 0.169999 0.110000 0.050000 0.000000 0.210000 0.280000 0.330000 0.420000 1.130000 1.270001 1.310000 1.400000 1.450001 1.500000 1.590000 1.700000 1.790000
2.590000 2.450000 2.220000 2.060000 1.980000 1.860000 1.800000 1.790000 1.740000 1.659999 1.540000 1.480000 1.450000 1.080000 0.840000 0.570000 0.540000 0.480000 0.430000 0.380000 0.320000 0.260000 0.210000 0.000000 0.070000 0.120000 0.210000 0.920000 1.060000 1.100000 1.190000 1.240000 1.290000 1.380000 1.490000 1.580000
2.660000 2.520000 2.290000 2.130000 2.050000 1.930000 1.870000 1.860000 1.810000 1.730000 1.610000 1.550000 1.520000 1.150000 0.910000 0.640000 0.610000 0.550000 0.500000 0.450000 0.390000 0.330000 0.280000 0.070000 0.000000 0.050000 0.140000 0.850000 0.990000 1.030000 1.120000 1.170000 1.220000 1.310000 1.420000 1.510000
2.710000 2.570000 2.340000 2.180000 2.100001 1.980000 1.920000 1.910000 1.860000 1.780000 1.660000 1.600000 1.570000 1.200000 0.960000 0.690000 0.660000 0.600000 0.550000 0.500000 0.440000 0.380000 0.330000 0.120000 0.050000 0.000000 0.090000 0.800000 0.940000 0.980000 1.070000 1.120000 1.170000 1.260000 1.370000 1.459999
2.799999 2.660000 2.430000 2.270000 2.190000 2.070000 2.010000 1.999999 1.950000 1.869999 1.750000 1.689999 1.660000 1.290000 1.050000 0.780000 0.750000 0.689999 0.640000 0.589999 0.530000 0.470000 0.420000 0.210000 0.140000 0.090000 0.000000 0.710000 0.850001 0.890000 0.980000 1.030001 1.080000 1.170000 1.280001 1.370000
3.510000 3.370000 3.140000 2.980000 2.900000 2.780000 2.720000 2.709999 2.660000 2.579999 2.460000 2.399999 2.370000 2.000000 1.760000 1.490000 1.460000 1.399999 1.350000 1.299999 1.240000 1.180000 1.130000 0.920000 0.850000 0.800000 0.710000 0.000000 0.140000 0.180000 0.270000 0.320000 0.370000 0.460000 0.570000 0.660000
3.650000 3.510001 3.280001 3.120000 3.040001 2.920001 2.860001 2.850000 2.800001 2.720000 2.600000 2.540000 2.510001 2.140001 1.900001 1.630000 1.600000 1.540000 1.490001 1.440000 1.380001 1.320000 1.270001 1.060000 0.990000 0.940000 0.850001 0.140000 0.000000 0.040000 0.130000 0.180000 0.230000 0.319999 0.430000 0.519999
3.690000 3.550000 3.320000 3.160000 3.080000 2.960000 2.900000 2.889999 2.840000 2.759999 2.640000 2.579999 2.550000 2.180000 1.940000 1.670000 1.640000 1.579999 1.530000 1.479999 1.420000 1.360000 1.310000 1.100000 1.030000 0.980000 0.890000 0.180000 0.040000 0.000000 0.090000 0.140000 0.190000 0.280000 0.390000 0.480000
3.780000 3.640000 3.410000 3.250000 3.170000 3.050000 2.990000 2.980000 2.930000 2.850000 2.730000 2.670000 2.640000 2.270000 2.030000 1.760000 1.730000 1.670000 1.620000 1.570000 1.510000 1.450000 1.400000 1.190000 1.120000 1.070000 0.980000 0.270000 0.130000 0.090000 0.000000 0.050000 0.100000 0.190000 0.300000 0.390000
3.830000 3.690001 3.460001 3.300000 3.220001 3.100001 3.040000 3.030000 2.980001 2.900000 2.780000 2.720000 2.690001 2.320001 2.080000 1.810000 1.780000 1.720000 1.670000 1.620000 1.560000 1.500000 1.450001 1.240000 1.170000 1.120000 1.030001 0.320000 0.180000 0.140000 0.050000 0.000000 0.050000 0.139999 0.250000 0.339999
3.880000 3.740000 3.510000 3.350000 3.270000 3.150000 3.090000 3.080000 3.030000 2.950000 2.830000 2.770000 2.740000 2.370000 2.130000 1.860000 1.830000 1.770000 1.720000 1.670000 1.610000 1.550000 1.500000 1.290000 1.220000 1.170000 1.080000 0.370000 0.230000 0.190000 0.100000 0.050000 0.000000 0.090000 0.200000 0.290000
3.969999 3.830000 3.600000 3.440000 3.360000 3.240000 3.180000 3.169999 3.120000 3.039999 2.920000 2.859999 2.830000 2.460000 2.220000 1.950000 1.920000 1.859999 1.810000 1.759999 1.700000 1.640000 1.590000 1.380000 1.310000 1.260000 1.170000 0.460000 0.319999 0.280000 0.190000 0.139999 0.090000 0.000000 0.110000 0.200000
4.080000 3.940001 3.710000 3.550000 3.470001 3.350000 3.290000 3.280000 3.230000 3.150000 3.030000 2.970000 2.940000 2.570000 2.330000 2.060000 2.030000 1.970000 1.920000 1.870000 1.810000 1.750000 1.700000 1.490000 1.420000 1.370000 1.280001 0.570000 0.430000 0.390000 0.300000 0.250000 0.200000 0.110000 0.000000 0.089999
4.169999 4.030000 3.800000 3.640000 3.560000 3.440000 3.380000 3.369999 3.320000 3.239999 3.120000 3.059999 3.030000 2.660000 2.420000 2.150000 2.120000 2.059999 2.010000 1.959999 1.900000 1.840000 1.790000 1.580000 1.510000 1.459999 1.370000 0.660000 0.519999 0.480000 0.390000 0.339999 0.290000 0.200000 0.089999 0.000000
